function CheckQuest()
    local MyLevel = game.Players.LocalPlayer.Data.Level.Value
    if OldWorld then
        if MyLevel == 1 or MyLevel <= 9 then -- Bandit
            Ms = "Bandit [Lv. 5]"
            NaemQuest = "BanditQuest1"
            LevelQuest = 1
            NameMon = "Bandit"
            CFrameQuest = CFrame.new(1061.66699, 16.5166187, 1544.52905, -0.942978859, -3.33851502e-09, 0.332852632, 7.04340497e-09, 1, 2.99841325e-08, -0.332852632, 3.06188177e-08, -0.942978859)
            CFrameMon = {
                {1223.7681884765625, 16.46788215637207, 1575.7266845703125},
                {961.3248291015625, 16.384296417236328, 1564.966796875}
            }
        elseif MyLevel == 10 or MyLevel <= 14 then -- Monkey
            Ms = "Monkey [Lv. 14]"
            NaemQuest = "JungleQuest"
            LevelQuest = 1
            NameMon = "Monkey"
            CFrameQuest = CFrame.new(-1600.384033203125, 36.887176513671875, 153.17562866210938)
            CFrameMon = {-1498.8306884765625, 15.88713264465332, 132.0387725830078}
        elseif MyLevel == 15 or MyLevel <= 29 then -- Gorilla
            Ms = "Gorilla [Lv. 20]"
            NaemQuest = "JungleQuest"
            LevelQuest = 2
            NameMon = "Gorilla"
            CFrameQuest = CFrame.new(-1600.384033203125, 36.887176513671875, 153.17562866210938)
            CFrameMon = {-1272.33349609375, 6.255515098571777, -565.6166381835938}
        elseif MyLevel == 30 or MyLevel <= 39 then -- Pirate
            Ms = "Pirate [Lv. 35]"
            NaemQuest = "BuggyQuest1"
            LevelQuest = 1
            NameMon = "Pirate"
            CFrameQuest = CFrame.new(-1140.0687255859375, 4.7870917320251465, 3828.711181640625)
            CFrameMon = {-1103.9755859375, 13.787087440490723, 3978.802978515625}
        elseif MyLevel == 40 or MyLevel <= 59 then -- Brute
            Ms = "Brute [Lv. 45]"
            NaemQuest = "BuggyQuest1"
            LevelQuest = 2
            NameMon = "Brute"
            CFrameQuest = CFrame.new(-1140.0687255859375, 4.7870917320251465, 3828.711181640625)
            CFrameMon = {-1133.5440673828125, 14.844916343688965, 4254.1962890625}
        elseif MyLevel == 60 or MyLevel <= 74 then -- Desert Bandit
            Ms = "Desert Bandit [Lv. 60]"
            NaemQuest = "DesertQuest"
            LevelQuest = 1
            NameMon = "Desert Bandit"
            CFrameQuest = CFrame.new(895.9151611328125, 6.4735026359558105, 4390.70703125)
            CFrameMon = {930.1211547851562, 6.485545635223389, 4485.60400390625}
        elseif MyLevel == 75 or MyLevel <= 89 then -- Desert Officre
            Ms = "Desert Officer [Lv. 70]"
            NaemQuest = "DesertQuest"
            LevelQuest = 2
            NameMon = "Desert Officer"
            CFrameQuest = CFrame.new(895.9151611328125, 6.4735026359558105, 4390.70703125)
            CFrameMon = {1605.6353759765625, 1.645995020866394, 4376.04443359375}
        elseif MyLevel == 90 or MyLevel <= 99 then -- Snow Bandits
            Ms = "Snow Bandit [Lv. 90]"
            NaemQuest = "SnowQuest"
            LevelQuest = 1
            NameMon = "Snow Bandits"
            CFrameQuest = CFrame.new(1385.54736328125, 87.30780792236328, -1296.3258056640625)
            CFrameMon = {1325.660400390625, 87.30780792236328, -1399.5076904296875}
        elseif MyLevel == 100 or MyLevel <= 119 then -- Snowman
            Ms = "Snowman [Lv. 100]"
            NaemQuest = "SnowQuest"
            LevelQuest = 2
            NameMon = "Snowman"
            CFrameQuest = CFrame.new(1385.54736328125, 87.30780792236328, -1296.3258056640625)
            CFrameMon = {1179.8857421875, 105.80872344970703, -1484.5277099609375}
        elseif MyLevel == 120 or MyLevel <= 149 then -- Chief Petty Officer
            Ms = "Chief Petty Officer [Lv. 120]"
            NaemQuest = "MarineQuest2"
            LevelQuest = 1
            NameMon = "Chief Petty Officer"
            CFrameQuest = CFrame.new(-5036.52099609375, 28.68707847595215, 4324.3701171875)
            CFrameMon = {
                {-4731.55224609375, 20.68707847595215, 4535.1728515625},
                {-4953.08544921875, 20.68707847595215, 4016.0478515625}
            }
        elseif MyLevel == 150 or MyLevel <= 174 then -- Sky Bandit
            Ms = "Sky Bandit [Lv. 150]"
            NaemQuest = "SkyQuest"
            LevelQuest = 1
            NameMon = "Sky Bandit"
            CFrameQuest = CFrame.new(-4841.12060546875, 717.70458984375, -2621.39453125)
            CFrameMon = {-4998.03759765625, 278.1020812988281, -2866.62109375}
        elseif MyLevel == 175 or MyLevel <= 224 then -- Dark Master
            Ms = "Dark Master [Lv. 175]"
            NaemQuest = "SkyQuest"
            LevelQuest = 2
            NameMon = "Dark Master"
            CFrameQuest = CFrame.new(-4841.12060546875, 717.70458984375, -2621.39453125)
            CFrameMon = {-5246.599609375, 388.68707275390625, -2262.515380859375}
        elseif MyLevel == 225 or MyLevel <= 274 then -- Toga Warrior
            Ms = "Toga Warrior [Lv. 250]"
            NaemQuest = "ColosseumQuest"
            LevelQuest = 1
            NameMon = "Toga Warrior"
            CFrameQuest = CFrame.new(-1577.603515625, 7.424379348754883, -2984.623046875)
            CFrameMon = {-1890.4200439453125, 7.324113845825195, -2775.66845703125}
        elseif MyLevel == 275 or MyLevel <= 299 then -- Gladiato
            Ms = "Gladiator [Lv. 275]"
            NaemQuest = "ColosseumQuest"
            LevelQuest = 2
            NameMon = "Gladiato"
            CFrameQuest = CFrame.new(-1577.603515625, 7.424379348754883, -2984.623046875)
            CFrameMon = {-1299.9700927734375, 7.47758674621582, -3219.433349609375}
            CFrameLoadMon = {
                CFrame.new(-1370.3580322265625, 6.2597150802612305, -3377.359130859375)
                CFrame.new(-1483.703857421875, 6.312922477722168, -3195.21240234375)
                CFrame.new(-1125.07080078125, 6.159449577331543, -3270.24951171875)
                CFrame.new(-1228.0865478515625, 6.158381462097168, -3051.79052734375)
            }
        elseif MyLevel == 300 or MyLevel <= 329 then -- Military Soldier
            Ms = "Military Soldier [Lv. 300]"
            NaemQuest = "MagmaQuest"
            LevelQuest = 1
            NameMon = "Military Soldier"
            CFrameQuest = CFrame.new(-5315.8515625, 12.271994590759277, 8517.224609375)
            CFrameMon = {-5473.66259765625, 9.3894624710083, 8527.2373046875}
        elseif MyLevel == 300 or MyLevel <= 374 then -- Military Spy
            Ms = "Military Spy [Lv. 325]"
            NaemQuest = "MagmaQuest"
            LevelQuest = 2
            NameMon = "Military Spy"
            CFrameQuest = CFrame.new(-5315.8515625, 12.271994590759277, 8517.224609375)
            CFrameMon = {-5835.28271484375, 77.26567840576172, 8776.9814453125}
        elseif MyLevel == 375 or MyLevel <= 399 then -- Fishman Warrior
            Ms = "Fishman Warrior [Lv. 375]"
            NaemQuest = "FishmanQuest"
            LevelQuest = 1
            NameMon = "Fishman Warrior"
            CFrameQuest = CFrame.new(61121.75, 18.50667381286621, 1567.4571533203125)
            CFrameMon = {60915.55859375, 18.50667381286621, 1432.586181640625}
        elseif MyLevel == 400 or MyLevel <= 449 then -- Fishman Commando
            Ms = "Fishman Commando [Lv. 400]"
            NaemQuest = "FishmanQuest"
            LevelQuest = 2
            NameMon = "Fishman Commando"
            CFrameQuest = CFrame.new(61121.75, 18.50667381286621, 1567.4571533203125)
            CFrameMon = {61858.62890625, 18.517858505249023, 1484.00439453125}
        elseif MyLevel == 450 or MyLevel <= 474 then -- God's Guards
            Ms = "God's Guard [Lv. 450]"
            NaemQuest = "SkyExp1Quest"
            LevelQuest = 1
            NameMon = "God's Guards"
            CFrameQuest = CFrame.new(-4721.3017578125, 845.31201171875, -1952.9644775390625)
            CFrameMon = {-4744.24462890625, 845.31201171875, -1911.471435546875}
        elseif MyLevel == 475 or MyLevel <= 524 then -- Shandas
            Ms = "Shanda [Lv. 475]"
            NaemQuest = "SkyExp1Quest"
            LevelQuest = 2
            NameMon = "Shandas"
            CFrameQuest = CFrame.new(-7861.8310546875, 5545.52685546875, -380.2543640136719)
            CFrameMon = {-7672.34912109375, 5545.52685546875, -469.7748718261719}
        elseif MyLevel == 525 or MyLevel <= 549 then -- Royal Squad
            Ms = "Royal Squad [Lv. 525]"
            NaemQuest = "SkyExp2Quest"
            LevelQuest = 1
            NameMon = "Royal Squad"
            CFrameQuest = CFrame.new(-7904.0654296875, 5635.99755859375, -1411.821533203125)
            CFrameMon = {-7646.37353515625, 5606.912109375, -1463.454345703125}
        elseif MyLevel == 550 or MyLevel <= 624 then -- Royal Soldier
            Ms = "Royal Soldier [Lv. 550]"
            NaemQuest = "SkyExp2Quest"
            LevelQuest = 2
            NameMon = "Royal Soldier"
            CFrameQuest = CFrame.new(-7904.0654296875, 5635.99755859375, -1411.821533203125)
            CFrameMon = {-7863.50341796875, 5606.912109375, -1756.16943359375}
        elseif MyLevel == 625 or MyLevel <= 649 then -- Galley Pirate
            Ms = "Galley Pirate [Lv. 625]"
            NaemQuest = "FountainQuest"
            LevelQuest = 1
            NameMon = "Galley Pirate"
            CFrameQuest = CFrame.new(5257.39892578125, 38.53616714477539, 4050.164794921875)
            CFrameMon = {5593.62158203125, 38.573665618896484, 3975.049072265625}
        elseif MyLevel >= 650 then -- Galley Captain
            Ms = "Galley Captain [Lv. 650]"
            NaemQuest = "FountainQuest"
            LevelQuest = 2
            NameMon = "Galley Captain"
            CFrameQuest = CFrame.new(5257.39892578125, 38.53616714477539, 4050.164794921875)
            CFrameMon = {5682.87646484375, 38.53616714477539, 4900.69091796875}
        end
    end
    if NewWorld then
        if MyLevel == 700 or MyLevel <= 724 then -- Raider [Lv. 700]
            Ms = "Raider [Lv. 700]"
            NaemQuest = "Area1Quest"
            LevelQuest = 1
            NameMon = "Raider"
            CFrameQuest = CFrame.new(-424.080078, 73.0055847, 1836.91589, 0.253544956, -1.42165932e-08, 0.967323601, -6.00147771e-08, 1, 3.04272909e-08, -0.967323601, -6.5768397e-08, 0.253544956)
            CFrameMon = {-737.026123, 39.1748352, 2392.57959, 0.272128761, 0, -0.962260842, -0, 1, -0, 0.962260842, 0, 0.272128761}
        elseif MyLevel == 725 or MyLevel <= 774 then -- Mercenary [Lv. 725]
            Ms = "Mercenary [Lv. 725]"
            NaemQuest = "Area1Quest"
            LevelQuest = 2
            NameMon = "Mercenary"
            CFrameQuest = CFrame.new(-424.080078, 73.0055847, 1836.91589, 0.253544956, -1.42165932e-08, 0.967323601, -6.00147771e-08, 1, 3.04272909e-08, -0.967323601, -6.5768397e-08, 0.253544956)
            CFrameMon = {-973.731995, 95.8733215, 1836.46936, 0.999135971, 2.02326991e-08, -0.0415605344, -1.90767793e-08, 1, 2.82094952e-08, 0.0415605344, -2.73922804e-08, 0.999135971}
        elseif MyLevel == 775 or MyLevel <= 799 then -- Swan Pirate [Lv. 775]
            Ms = "Swan Pirate [Lv. 775]"
            NaemQuest = "Area2Quest"
            LevelQuest = 1
            NameMon = "Swan Pirate"
            CFrameQuest = CFrame.new(632.698608, 73.1055908, 918.666321, -0.0319722369, 8.96074881e-10, -0.999488771, 1.36326533e-10, 1, 8.92172336e-10, 0.999488771, -1.07732087e-10, -0.0319722369)
            CFrameMon = {970.369446, 142.653198, 1217.3667, 0.162079468, -4.85452638e-08, -0.986777723, 1.03357589e-08, 1, -4.74980872e-08, 0.986777723, -2.50063148e-09, 0.162079468}
        elseif MyLevel == 800 or MyLevel <= 874 then -- Factory Staff [Lv. 800]
            Ms = "Factory Staff [Lv. 800]"
            NaemQuest = "Area2Quest"
            LevelQuest = 2
            NameMon = "Factory Staff"
            CFrameQuest = CFrame.new(632.698608, 73.1055908, 918.666321, -0.0319722369, 8.96074881e-10, -0.999488771, 1.36326533e-10, 1, 8.92172336e-10, 0.999488771, -1.07732087e-10, -0.0319722369)
            CFrameMon = {296.786499, 72.9948196, -57.1298141, -0.876037002, -5.32364979e-08, 0.482243896, -3.87658332e-08, 1, 3.99718729e-08, -0.482243896, 1.63222538e-08, -0.876037002}
        elseif MyLevel == 875 or MyLevel <= 899 then -- Marine Lieutenant [Lv. 875]
            Ms = "Marine Lieutenant [Lv. 875]"
            NaemQuest = "MarineQuest3"
            LevelQuest = 1
            NameMon = "Marine Lieutenant"
            CFrameQuest = CFrame.new(-2442.65015, 73.0511475, -3219.11523, -0.873540044, 4.2329841e-08, -0.486752301, 5.64383384e-08, 1, -1.43220786e-08, 0.486752301, -3.99823996e-08, -0.873540044)
            CFrameMon = {-2913.26367, 73.0011826, -2971.64282, 0.910507619, 0, 0.413492233, 0, 1.00000012, 0, -0.413492233, 0, 0.910507619}
        elseif MyLevel == 900 or MyLevel <= 949 then -- Marine Captain [Lv. 900]
            Ms = "Marine Captain [Lv. 900]"
            NaemQuest = "MarineQuest3"
            LevelQuest = 2
            NameMon = "Marine Captain"
            CFrameQuest = CFrame.new(-2442.65015, 73.0511475, -3219.11523, -0.873540044, 4.2329841e-08, -0.486752301, 5.64383384e-08, 1, -1.43220786e-08, 0.486752301, -3.99823996e-08, -0.873540044)
            CFrameMon = {-1868.67688, 73.0011826, -3321.66333, -0.971402287, 1.06502087e-08, 0.237439692, 3.68856199e-08, 1, 1.06050372e-07, -0.237439692, 1.11775684e-07, -0.971402287}
        elseif MyLevel == 950 or MyLevel <= 974 then -- Zombie [Lv. 950]
            Ms = "Zombie [Lv. 950]"
            NaemQuest = "ZombieQuest"
            LevelQuest = 1
            NameMon = "Zombie"
            CFrameQuest = CFrame.new(-5492.79395, 48.5151672, -793.710571, 0.321800292, -6.24695815e-08, 0.946807742, 4.05616092e-08, 1, 5.21931227e-08, -0.946807742, 2.16082796e-08, 0.321800292)
            CFrameMon = {-5634.83838, 126.067039, -697.665039, -0.992770672, 6.77618939e-09, 0.120025545, 1.65461245e-08, 1, 8.04023372e-08, -0.120025545, 8.18070234e-08, -0.992770672}
        elseif MyLevel == 975 or MyLevel <= 999 then -- Vampire [Lv. 975]
            Ms = "Vampire [Lv. 975]"
            NaemQuest = "ZombieQuest"
            LevelQuest = 2
            NameMon = "Vampire"
            CFrameQuest = CFrame.new(-5492.79395, 48.5151672, -793.710571, 0.321800292, -6.24695815e-08, 0.946807742, 4.05616092e-08, 1, 5.21931227e-08, -0.946807742, 2.16082796e-08, 0.321800292)
            CFrameMon = {-6030.32031, 6.4377408, -1313.5564, -0.856965423, 3.9138893e-08, -0.515373945, -1.12178942e-08, 1, 9.45958547e-08, 0.515373945, 8.68467822e-08, -0.856965423}
        elseif MyLevel == 1000 or MyLevel <= 1049 then -- Snow Trooper [Lv. 1000] **
            Ms = "Snow Trooper [Lv. 1000]"
            NaemQuest = "SnowMountainQuest"
            LevelQuest = 1
            NameMon = "Snow Trooper"
            CFrameQuest = CFrame.new(604.964966, 401.457062, -5371.69287, 0.353063971, 1.89520435e-08, -0.935599446, -5.81846002e-08, 1, -1.70033754e-09, 0.935599446, 5.50377841e-08, 0.353063971)
            CFrameMon = {535.893433, 401.457062, -5329.6958, -0.999524176, 0, 0.0308452044, 0, 1, -0, -0.0308452044, 0, -0.999524176}
        elseif MyLevel == 1050 or MyLevel <= 1099 then -- Winter Warrior [Lv. 1050]
            Ms = "Winter Warrior [Lv. 1050]"
            NaemQuest = "SnowMountainQuest"
            LevelQuest = 2
            NameMon = "Winter Warrior"
            CFrameQuest = CFrame.new(604.964966, 401.457062, -5371.69287, 0.353063971, 1.89520435e-08, -0.935599446, -5.81846002e-08, 1, -1.70033754e-09, 0.935599446, 5.50377841e-08, 0.353063971)
            CFrameMon = {1223.7417, 454.575226, -5170.02148, 0.473996818, 2.56845354e-08, 0.880526543, -5.62456428e-08, 1, 1.10811016e-09, -0.880526543, -5.00510211e-08, 0.473996818}
        elseif MyLevel == 1100 or MyLevel <= 1124 then -- Lab Subordinate [Lv. 1100]
            Ms = "Lab Subordinate [Lv. 1100]"
            NaemQuest = "IceSideQuest"
            LevelQuest = 1
            NameMon = "Lab Subordinate"
            CFrameQuest = CFrame.new(-6060.10693, 15.9868021, -4904.7876, -0.411000341, -5.06538868e-07, 0.91163528, 1.26306062e-07, 1, 6.12581289e-07, -0.91163528, 3.66916197e-07, -0.411000341)
            CFrameMon = {-5769.2041, 37.9288292, -4468.38721, -0.569419742, -2.49055017e-08, 0.822046936, -6.96206541e-08, 1, -1.79282633e-08, -0.822046936, -6.74401548e-08, -0.569419742}
        elseif MyLevel == 1125 or MyLevel <= 1174 then -- Horned Warrior [Lv. 1125]
            Ms = "Horned Warrior [Lv. 1125]"
            NaemQuest = "IceSideQuest"
            LevelQuest = 2
            NameMon = "Horned Warrior"
            CFrameQuest = CFrame.new(-6060.10693, 15.9868021, -4904.7876, -0.411000341, -5.06538868e-07, 0.91163528, 1.26306062e-07, 1, 6.12581289e-07, -0.91163528, 3.66916197e-07, -0.411000341)
            CFrameMon = {-6400.85889, 24.7645149, -5818.63574, -0.964845479, 8.65926566e-08, -0.262817472, 3.98261392e-07, 1, -1.13260398e-06, 0.262817472, -1.19745812e-06, -0.964845479}
        elseif MyLevel == 1175 or MyLevel <= 1199 then -- Magma Ninja [Lv. 1175]
            Ms = "Magma Ninja [Lv. 1175]"
            NaemQuest = "FireSideQuest"
            LevelQuest = 1
            NameMon = "Magma Ninja"
            CFrameQuest = CFrame.new(-5431.09473, 15.9868021, -5296.53223, 0.831796765, 1.15322464e-07, -0.555080295, -1.10814341e-07, 1, 4.17010995e-08, 0.555080295, 2.68240168e-08, 0.831796765)
            CFrameMon = {-5496.65576, 58.6890411, -5929.76855, -0.885073781, 0, -0.465450764, 0, 1.00000012, -0, 0.465450764, 0, -0.885073781}
        elseif MyLevel == 1200 or MyLevel <= 1249 then -- Lava Pirate [Lv. 1200]
            Ms = "Lava Pirate [Lv. 1200]"
            NaemQuest = "FireSideQuest"
            LevelQuest = 2
            NameMon = "Lava Pirate"
            CFrameQuest = CFrame.new(-5431.09473, 15.9868021, -5296.53223, 0.831796765, 1.15322464e-07, -0.555080295, -1.10814341e-07, 1, 4.17010995e-08, 0.555080295, 2.68240168e-08, 0.831796765)
            CFrameMon = {-5169.71729, 34.1234779, -4669.73633, -0.196780294, 0, 0.98044765, 0, 1.00000012, -0, -0.98044765, 0, -0.196780294}
        elseif MyLevel == 1250 or MyLevel <= 1274 then -- Ship Deckhand [Lv. 1250]
            Ms = "Ship Deckhand [Lv. 1250]"
            NaemQuest = "ShipQuest1"
            LevelQuest = 1
            NameMon = "Ship Deckhand"
            CFrameQuest = CFrame.new(1037.80127, 125.092171, 32911.6016, -0.244533166, -0, -0.969640911, -0, 1.00000012, -0, 0.96964103, 0, -0.244533136)
            CFrameMon = {1163.80872, 138.288452, 33058.4258, -0.998580813, 5.49076979e-08, -0.0532564968, 5.57436763e-08, 1, -1.42118655e-08, 0.0532564968, -1.71604082e-08, -0.998580813}
        elseif MyLevel == 1275 or MyLevel <= 1299 then -- Ship Engineer [Lv. 1275]
            Ms = "Ship Engineer [Lv. 1275]"
            NaemQuest = "ShipQuest1"
            LevelQuest = 2
            NameMon = "Ship Engineer"
            CFrameQuest = CFrame.new(1037.80127, 125.092171, 32911.6016, -0.244533166, -0, -0.969640911, -0, 1.00000012, -0, 0.96964103, 0, -0.244533136)
            CFrameMon = {916.666504, 44.0920448, 32917.207, -0.99746871, -4.85034697e-08, -0.0711069331, -4.8925461e-08, 1, 4.19294288e-09, 0.0711069331, 7.66126895e-09, -0.99746871}
        elseif MyLevel == 1300 or MyLevel <= 1324 then -- Ship Steward [Lv. 1300]
            Ms = "Ship Steward [Lv. 1300]"
            NaemQuest = "ShipQuest2"
            LevelQuest = 1
            NameMon = "Ship Steward"
            CFrameQuest = CFrame.new(968.80957, 125.092171, 33244.125, -0.869560242, 1.51905191e-08, -0.493826836, 1.44108379e-08, 1, 5.38534195e-09, 0.493826836, -2.43357912e-09, -0.869560242)
            CFrameMon = {918.743286, 129.591064, 33443.4609, -0.999792814, -1.7070947e-07, -0.020350717, -1.72559169e-07, 1, 8.91351277e-08, 0.020350717, 9.2628369e-08, -0.999792814}
        elseif MyLevel == 1325 or MyLevel <= 1349 then -- Ship Officer [Lv. 1325]
            Ms = "Ship Officer [Lv. 1325]"
            NaemQuest = "ShipQuest2"
            LevelQuest = 2
            NameMon = "Ship Officer"
            CFrameQuest = CFrame.new(968.80957, 125.092171, 33244.125, -0.869560242, 1.51905191e-08, -0.493826836, 1.44108379e-08, 1, 5.38534195e-09, 0.493826836, -2.43357912e-09, -0.869560242)
            CFrameMon = {786.051941, 181.474106, 33303.2969, 0.999285698, -5.32193063e-08, 0.0377905183, 5.68968588e-08, 1, -9.62386864e-08, -0.0377905183, 9.83201005e-08, 0.999285698}
        elseif MyLevel == 1350 or MyLevel <= 1374 then -- Arctic Warrior [Lv. 1350]
            Ms = "Arctic Warrior [Lv. 1350]"
            NaemQuest = "FrostQuest"
            LevelQuest = 1
            NameMon = "Arctic Warrior"
            CFrameQuest = CFrame.new(5669.43506, 28.2117786, -6482.60107, 0.888092756, 1.02705066e-07, 0.459664226, -6.20391774e-08, 1, -1.03572376e-07, -0.459664226, 6.34646895e-08, 0.888092756)
            CFrameMon = {5995.07471, 57.3188477, -6183.47314, 0.702747107, -1.53454167e-07, -0.711440146, -1.08168464e-07, 1, -3.22542007e-07, 0.711440146, 3.03620908e-07, 0.702747107}
        elseif MyLevel == 1375 or MyLevel <= 1424 then -- Snow Lurker [Lv. 1375]
            Ms = "Snow Lurker [Lv. 1375]"
            NaemQuest = "FrostQuest"
            LevelQuest = 2
            NameMon = "Snow Lurker"
            CFrameQuest = CFrame.new(5669.43506, 28.2117786, -6482.60107, 0.888092756, 1.02705066e-07, 0.459664226, -6.20391774e-08, 1, -1.03572376e-07, -0.459664226, 6.34646895e-08, 0.888092756)
            CFrameMon = {5518.00684, 60.5559731, -6828.80518, -0.650781393, -3.64292951e-08, 0.759265184, -4.07668654e-09, 1, 4.44854642e-08, -0.759265184, 2.58550248e-08, -0.650781393}
        elseif MyLevel == 1425 or MyLevel <= 1449 then -- Sea Soldier [Lv. 1425]
            Ms = "Sea Soldier [Lv. 1425]"
            NaemQuest = "ForgottenQuest"
            LevelQuest = 1
            NameMon = "Sea Soldier"
            CFrameQuest = CFrame.new(-3052.99097, 236.881363, -10148.1943, -0.997911751, 4.42321983e-08, 0.064591676, 4.90968759e-08, 1, 7.37270085e-08, -0.064591676, 7.67442998e-08, -0.997911751)
            CFrameMon = {-3029.78467, 66.944252, -9777.38184, -0.998552859, 1.09555076e-08, 0.0537791774, 7.79564235e-09, 1, -5.89660658e-08, -0.0537791774, -5.84614881e-08, -0.998552859}
        elseif MyLevel >= 1450 then -- Water Fighter [Lv. 1450]
            Ms = "Water Fighter [Lv. 1450]"
            NaemQuest = "ForgottenQuest"
            LevelQuest = 2
            NameMon = "Water Fighter"
            CFrameQuest = CFrame.new(-3052.99097, 236.881363, -10148.1943, -0.997911751, 4.42321983e-08, 0.064591676, 4.90968759e-08, 1, 7.37270085e-08, -0.064591676, 7.67442998e-08, -0.997911751)
            CFrameMon = {-3262.00098, 298.699615, -10553.6943, -0.233570755, -4.57538185e-08, 0.972339869, -5.80986068e-08, 1, 3.30992194e-08, -0.972339869, -4.87605725e-08, -0.233570755}
        end
    end
    if Three then
        if MyLevel == 1500 or MyLevel <= 1524 then
            Ms = "Pirate Millionaire [Lv. 1500]"
            NaemQuest = "PiratePortQuest"
            LevelQuest = 1
            NameMon = "Pirate Millionaire"
            CFrameQuest = CFrame.new(-268.910156, 43.8649979, 5503.85107, -0.999266267, 6.43959766e-08, -0.038300477, 6.20619645e-08, 1, 6.21284997e-08, 0.038300477, 5.97059113e-08, -0.999266267)
            CFrameMon = {-272.756073, 43.8649979, 5467.14258, 0.986337066, 3.94214794e-08, 0.164739758, -3.13446229e-08, 1, -5.1627584e-08, -0.164739758, 4.57584939e-08, 0.986337066)
        elseif MyLevel == 1525 or MyLevel <= 1624 then
            Ms = "Pistol Billionaire [Lv. 1525]"
            NaemQuest = "PiratePortQuest"
            LevelQuest = 2
            NameMon = "Pistol Billionaire"
            CFrameQuest = CFrame.new(-288.5224, 43.8218307, 5580.43408, -0.999959528, -8.31576159e-08, 0.0089966096, -8.37007832e-08, 1, -5.99984915e-08, -0.0089966096, -6.07490875e-08, -0.999959528)
            CFrameMon = {-21.8854408, 84.2050247, 6079.53809, -0.197008237, 7.99611328e-08, -0.980401814, -1.00650496e-07, 1, 1.01784906e-07, 0.980401814, 1.18730391e-07, -0.197008237)
        elseif MyLevel == 1625 or MyLevel <= 1649 then
            Ms = "Female Islander [Lv. 1625]"
            NaemQuest = "AmazonQuest2"
            LevelQuest = 1
            NameMon = "Female Islander"
            CFrameQuest = CFrame.new(5447.18555, 601.684814, 750.161804, -0.0492943414, 5.47278347e-08, -0.998784304, 1.11371856e-10, 1, 5.4788952e-08, 0.998784304, 2.5895488e-09, -0.0492943414)
            CFrameMon = {5658.21729, 781.826477, 880.816101, -0.824495673, 3.73585074e-09, 0.565868258, 2.46007321e-08, 1, 2.92424023e-08, -0.565868258, 3.80310077e-08, -0.824495673)
        elseif MyLevel == 1650 or MyLevel <= 1724 then
            Ms = "Giant Islander [Lv. 1650]"
            NaemQuest = "AmazonQuest2"
            LevelQuest = 2
            NameMon = "Giant Islander"
            CFrameQuest = CFrame.new(5447.18555, 601.684814, 750.161804, -0.0492943414, 5.47278347e-08, -0.998784304, 1.11371856e-10, 1, 5.4788952e-08, 0.998784304, 2.5895488e-09, -0.0492943414)
            CFrameMon = {5658.21729, 781.826477, 880.816101, -0.824495673, 3.73585074e-09, 0.565868258, 2.46007321e-08, 1, 2.92424023e-08, -0.565868258, 3.80310077e-08, -0.824495673)
        elseif MyLevel == 1700 or MyLevel <= 1724 then
            Ms = "Marine Commodore [Lv. 1700]"
            NaemQuest = "MarineTreeIsland"
            LevelQuest = 1
            NameMon = "Marine Commodore"
            CFrameQuest = CFrame.new(2181.47559, 29.3805466, -6739.75488, 0.972898781, 3.13111634e-08, -0.231231317, -4.68299923e-08, 1, -6.1625208e-08, 0.231231317, 7.07836563e-08, 0.972898781)
            CFrameMon = {2298.39746, 73.1691437, -7263.53564, 0.999991357, 1.29534987e-08, -0.00415099366, -1.30945059e-08, 1, -3.39423032e-08, 0.00415099366, 3.39963684e-08, 0.999991357)

        elseif MyLevel >= 1725 and MyLevel <= 1774 then
            Ms = "Marine Rear Admiral [Lv. 1725]"
            NaemQuest = "MarineTreeIsland"
            LevelQuest = 2
            NameMon = "Marine Rear Admiral"
            CFrameQuest = CFrame.new(2180.54126, 27.8156815, -6741.5498, -0.965929747, 0, 0.258804798, 0, 1, 0, -0.258804798, 0, -0.965929747)
            CFrameMon = {3951.3903808594, 229.11549377441, -6912.81640625)
        elseif MyLevel >= 1775 and MyLevel <= 1799 then
            Ms = "Fishman Raider [Lv. 1775]"
            NaemQuest = "DeepForestIsland3"
            LevelQuest = 1
            NameMon = "Fishman Raider"
            CFrameQuest = CFrame.new(-10581.6563, 330.872955, -8761.18652, -0.882952213, 0, 0.469463557, 0, 1, 0, -0.469463557, 0, -0.882952213)
            CFrameMon = {-10322.400390625, 390.94473266602, -8580.0908203125)
        elseif MyLevel >= 1800 and MyLevel <= 1824 then
            Ms = "Fishman Captain [Lv. 1800]"
            NaemQuest = "DeepForestIsland3"
            LevelQuest = 2
            NameMon = "Fishman Captain"
            CFrameQuest = CFrame.new(-10581.6563, 330.872955, -8761.18652, -0.882952213, 0, 0.469463557, 0, 1, 0, -0.469463557, 0, -0.882952213)
            CFrameMon = {-11194.541992188, 442.02795410156, -8608.806640625)
        elseif MyLevel >= 1825 and MyLevel <= 1849 then
            Ms = "Forest Pirate [Lv. 1825]"
            NaemQuest = "DeepForestIsland"
            LevelQuest = 1
            NameMon = "Forest Pirate"
            CFrameQuest = CFrame.new(-13234.04, 331.488495, -7625.40137, 0.707134247, -0, -0.707079291, 0, 1, -0, 0.707079291, 0, 0.707134247)
            CFrameMon = {-13225.809570313, 428.19387817383, -7753.1245117188)   
        elseif MyLevel == 1850 or MyLevel <= 1899 then
            Ms = "Mythological Pirate [Lv. 1850]"
            NaemQuest = "DeepForestIsland"
            LevelQuest = 2
            NameMon = "Mythological Pirate"
            CFrameQuest = CFrame.new(-13230.9658, 332.413177, -7624.93457, 0.455187887, -8.75483792e-08, 0.890395403, -4.99329189e-10, 1, 9.85805499e-08, -0.890395403, -4.53172717e-08, 0.455187887)
            CFrameMon = {-13654.9893, 469.822784, -6970.78369, 0.952340543, 2.57623842e-08, -0.305036813, 8.97913299e-09, 1, 1.1248995e-07, 0.305036813, -1.09867713e-07, 0.952340543)

        elseif MyLevel == 1900 or MyLevel <= 1924 then
            Ms = "Jungle Pirate [Lv. 1900]"
            NaemQuest = "DeepForestIsland2"
            LevelQuest = 1
            NameMon = "Musketeer Pirate"
            CFrameQuest = CFrame.new(-12681.1875, 390.876617, -9899.07813, 0.54442966, -5.77085792e-08, -0.83880651, -1.43213015e-08, 1, -7.80937199e-08, 0.83880651, 5.45293375e-08, 0.54442966)
            CFrameMon = {-12094.2979, 331.773315, -10563.0127, 0.319699943, -6.73379574e-08, -0.947518826, 3.25387433e-08, 1, -6.00888583e-08, 0.947518826, -1.16206689e-08, 0.319699943)

        elseif MyLevel >= 1925 then
            Ms = "Musketeer Pirate [Lv. 1925]"
            NaemQuest = "DeepForestIsland2"
            LevelQuest = 2
            NameMon = "Musketeer Pirate"
            CFrameQuest = CFrame.new(-12680.3818, 389.971039, -9902.01953, -0.0871315002, 0, 0.996196866, 0, 1, 0, -0.996196866, 0, -0.0871315002)
            CFrameMon = {-13282.3046875, 496.23684692383, -9565.150390625)

        end
    end
end